sample1,SRR21833429
sample1,SRR21833429
sample2,SRR21833430
sample2,SRR21833430
sample3,SRR21833431
sample3,SRR21833431
sample4,SRR21833432
sample4,SRR21833432
sample5,SRR21833433
sample5,SRR21833433
sample6,SRR21833434
sample6,SRR21833434
sample7,SRR21833435
sample7,SRR21833435
sample8,SRR21833436
sample8,SRR21833436
sample9,SRR21833437
sample9,SRR21833437
sample10,SRR21833438
sample10,SRR21833438
sample11,SRR21833439
sample11,SRR21833439
sample12,SRR21833440
sample12,SRR21833440
sample13,SRR21833441
sample13,SRR21833441
sample14,SRR21833442
sample14,SRR21833442
sample15,SRR21833443
sample15,SRR21833443
sample16,SRR21833444
sample16,SRR21833444
sample17,SRR21833445
sample17,SRR21833445
sample18,SRR21833446
sample18,SRR21833446
sample19,SRR21833447
sample19,SRR21833447
sample20,SRR21833448
sample20,SRR21833448
sample21,SRR21833449
sample21,SRR21833449
sample22,SRR21833450
sample22,SRR21833450
sample23,SRR21833451
sample23,SRR21833451
sample24,SRR21833452
sample24,SRR21833452
sample25,SRR21833453
sample25,SRR21833453
sample26,SRR21833454
sample26,SRR21833454
sample27,SRR21833455
sample27,SRR21833455
sample28,SRR21833456
sample28,SRR21833456
sample29,SRR21833457
sample29,SRR21833457
sample30,SRR21833458
sample30,SRR21833458
sample31,SRR21833459
sample31,SRR21833459
sample32,SRR21833460
sample32,SRR21833460
sample33,SRR21833461
sample33,SRR21833461
sample34,SRR21833462
sample34,SRR21833462
sample35,SRR21833463
sample35,SRR21833463
sample36,SRR21833464
sample36,SRR21833464
sample37,SRR21833465
sample37,SRR21833465
sample38,SRR21833466
sample38,SRR21833466
sample39,SRR21833467
sample39,SRR21833467
sample40,SRR21833468
sample40,SRR21833468
sample41,SRR21833469
sample41,SRR21833469
sample42,SRR21833470
sample42,SRR21833470
sample43,SRR21833471
sample43,SRR21833471
sample44,SRR21833472
sample44,SRR21833472
sample45,SRR21833473
sample45,SRR21833473
sample46,SRR21833474
sample46,SRR21833474
sample47,SRR21833475
sample47,SRR21833475
sample48,SRR21833476
sample48,SRR21833476
sample49,SRR21833477
sample49,SRR21833477
sample50,SRR21833478
sample50,SRR21833478
sample51,SRR21833479
sample51,SRR21833479
sample52,SRR21833480
sample52,SRR21833480
sample53,SRR21833481
sample53,SRR21833481
sample54,SRR21833482
sample54,SRR21833482
sample55,SRR21833483
sample55,SRR21833483
sample56,SRR21833484
sample56,SRR21833484
sample57,SRR21833485
sample57,SRR21833485
sample58,SRR21833486
sample58,SRR21833486
sample59,SRR21833487
sample59,SRR21833487
sample60,SRR21833488
sample60,SRR21833488
sample61,SRR21833489
sample61,SRR21833489
sample62,SRR21833490
sample62,SRR21833490
sample63,SRR21833491
sample63,SRR21833491
sample64,SRR21833492
sample64,SRR21833492
sample65,SRR21833493
sample65,SRR21833493
sample66,SRR21833494
sample66,SRR21833494
sample67,SRR21833495
sample67,SRR21833495
sample68,SRR21833496
sample68,SRR21833496
sample69,SRR21833497
sample69,SRR21833497
sample70,SRR21833498
sample70,SRR21833498
sample71,SRR21833499
sample71,SRR21833499
sample72,SRR21833500
sample72,SRR21833500
sample73,SRR21833501
sample73,SRR21833501
sample74,SRR21833502
sample74,SRR21833502
sample75,SRR21833503
sample75,SRR21833503
sample76,SRR21833504
sample76,SRR21833504
sample77,SRR21833505
sample77,SRR21833505
sample78,SRR21833506
sample78,SRR21833506
sample79,SRR21833507
sample79,SRR21833507
sample80,SRR21833508
sample80,SRR21833508
sample81,SRR21833509
sample81,SRR21833509
sample82,SRR21833510
sample82,SRR21833510
sample83,SRR21833511
sample83,SRR21833511
sample84,SRR21833512
sample84,SRR21833512
sample85,SRR21833513
sample85,SRR21833513
sample86,SRR21833514
sample86,SRR21833514
sample87,SRR21833515
sample87,SRR21833515
sample88,SRR21833516
sample88,SRR21833516
sample89,SRR21833517
sample89,SRR21833517
sample90,SRR21833518
sample90,SRR21833518
sample91,SRR21833519
sample91,SRR21833519
sample92,SRR21833520
sample92,SRR21833520
sample93,SRR21833521
sample93,SRR21833521
sample94,SRR21833522
sample94,SRR21833522
sample95,SRR21833523
sample95,SRR21833523
sample96,SRR21833524
sample96,SRR21833524
sample97,SRR21833525
sample97,SRR21833525
sample98,SRR21833526
sample98,SRR21833526
sample99,SRR21833527
sample99,SRR21833527
sample100,SRR21833528
sample100,SRR21833528
sample101,SRR21833529
sample101,SRR21833529
sample102,SRR21833530
sample102,SRR21833530
sample103,SRR21833531
sample103,SRR21833531
sample104,SRR21833532
sample104,SRR21833532
sample105,SRR21833533
sample105,SRR21833533
sample106,SRR21833534
sample106,SRR21833534
sample107,SRR21833535
sample107,SRR21833535
sample108,SRR21833536
sample108,SRR21833536
sample109,SRR21833537
sample109,SRR21833537
sample110,SRR21833538
sample110,SRR21833538
sample111,SRR21833539
sample111,SRR21833539
sample112,SRR21833540
sample112,SRR21833540
sample113,SRR21833541
sample113,SRR21833541
sample114,SRR21833542
sample114,SRR21833542
sample115,SRR21833543
sample115,SRR21833543
sample116,SRR21833544
sample116,SRR21833544
sample117,SRR21833545
sample117,SRR21833545
sample118,SRR21833546
sample118,SRR21833546
sample119,SRR21833547
sample119,SRR21833547
sample120,SRR21833548
sample120,SRR21833548
sample121,SRR21833549
sample121,SRR21833549
sample122,SRR21833550
sample122,SRR21833550
sample123,SRR21833551
sample123,SRR21833551
sample124,SRR21833552
sample124,SRR21833552
sample125,SRR21833553
sample125,SRR21833553
sample126,SRR21833554
sample126,SRR21833554
sample127,SRR21833555
sample127,SRR21833555
sample128,SRR21833556
sample128,SRR21833556
sample129,SRR21833557
sample129,SRR21833557
sample130,SRR21833558
sample130,SRR21833558
sample131,SRR21833559
sample131,SRR21833559
sample132,SRR21833560
sample132,SRR21833560
sample133,SRR21833561
sample133,SRR21833561
sample134,SRR21833562
sample134,SRR21833562
sample135,SRR21833563
sample135,SRR21833563
sample136,SRR21833564
sample136,SRR21833564
sample137,SRR21833565
sample137,SRR21833565
sample138,SRR21833566
sample138,SRR21833566
sample139,SRR21833567
sample139,SRR21833567
sample140,SRR21833568
sample140,SRR21833568
sample141,SRR21833569
sample141,SRR21833569
sample142,SRR21833570
sample142,SRR21833570
sample143,SRR21833571
sample143,SRR21833571
sample144,SRR21833572
sample144,SRR21833572
sample145,SRR21833573
sample145,SRR21833573
sample146,SRR21833574
sample146,SRR21833574
sample147,SRR21833575
sample147,SRR21833575
sample148,SRR21833576
sample148,SRR21833576
sample149,SRR21833577
sample149,SRR21833577
sample150,SRR21833578
sample150,SRR21833578
sample151,SRR21833579
sample151,SRR21833579
sample152,SRR21833580
sample152,SRR21833580
sample153,SRR21833581
sample153,SRR21833581
sample154,SRR21833582
sample154,SRR21833582
sample155,SRR21833583
sample155,SRR21833583
sample156,SRR21833584
sample156,SRR21833584
sample157,SRR21833585
sample157,SRR21833585
sample158,SRR21833586
sample158,SRR21833586
sample159,SRR21833587
sample159,SRR21833587
sample160,SRR21833588
sample160,SRR21833588
sample161,SRR21833589
sample161,SRR21833589
sample162,SRR21833590
sample162,SRR21833590
sample163,SRR21833591
sample163,SRR21833591
sample164,SRR21833592
sample164,SRR21833592
sample165,SRR21833593
sample165,SRR21833593
sample166,SRR21833594
sample166,SRR21833594
sample167,SRR21833595
sample167,SRR21833595
sample168,SRR21833596
sample168,SRR21833596
sample169,SRR21833597
sample169,SRR21833597
sample170,SRR21833598
sample170,SRR21833598
sample171,SRR21833599
sample171,SRR21833599
sample172,SRR21833600
sample172,SRR21833600
sample173,SRR21833601
sample173,SRR21833601
sample174,SRR21833602
sample174,SRR21833602
sample175,SRR21833603
sample175,SRR21833603
sample176,SRR21833604
sample176,SRR21833604
sample177,SRR21833605
sample177,SRR21833605
sample178,SRR21833606
sample178,SRR21833606
sample179,SRR21833607
sample179,SRR21833607
sample180,SRR21833608
sample180,SRR21833608
sample181,SRR21833609
sample181,SRR21833609
sample182,SRR21833610
sample182,SRR21833610
sample183,SRR21833611
sample183,SRR21833611
sample184,SRR21833612
sample184,SRR21833612
sample185,SRR21833613
sample185,SRR21833613
sample186,SRR21833614
sample186,SRR21833614
sample187,SRR21833615
sample187,SRR21833615
sample188,SRR21833616
sample188,SRR21833616
sample189,SRR21833617
sample189,SRR21833617
sample190,SRR21833618
sample190,SRR21833618
sample191,SRR21833619
sample191,SRR21833619
sample192,SRR21833620
sample192,SRR21833620
sample193,SRR21833621
sample193,SRR21833621
sample194,SRR21833622
sample194,SRR21833622
sample195,SRR21833623
sample195,SRR21833623
sample196,SRR21833624
sample196,SRR21833624
sample197,SRR21833625
sample197,SRR21833625
sample198,SRR21833626
sample198,SRR21833626
sample199,SRR21833627
sample199,SRR21833627
sample200,SRR21833628
sample200,SRR21833628
sample201,SRR21833629
sample201,SRR21833629
sample202,SRR21833630
sample202,SRR21833630
sample203,SRR21833631
sample203,SRR21833631
sample204,SRR21833632
sample204,SRR21833632
sample205,SRR21833633
sample205,SRR21833633
sample206,SRR21833634
sample206,SRR21833634
sample207,SRR21833635
sample207,SRR21833635
sample208,SRR21833636
sample208,SRR21833636
sample209,SRR21833637
sample209,SRR21833637
sample210,SRR21833638
sample210,SRR21833638
sample211,SRR21833639
sample211,SRR21833639
sample212,SRR21833640
sample212,SRR21833640
sample213,SRR21833641
sample213,SRR21833641
sample214,SRR21833642
sample214,SRR21833642
sample215,SRR21833643
sample215,SRR21833643
sample216,SRR21833644
sample216,SRR21833644
sample217,SRR21833645
sample217,SRR21833645
sample218,SRR21833646
sample218,SRR21833646
sample219,SRR21833647
sample219,SRR21833647
sample220,SRR21833648
sample220,SRR21833648
sample221,SRR21833649
sample221,SRR21833649
sample222,SRR21833650
sample222,SRR21833650
sample223,SRR21833651
sample223,SRR21833651
sample224,SRR21833652
sample224,SRR21833652
sample225,SRR21833653
sample225,SRR21833653
sample226,SRR21833654
sample226,SRR21833654
sample227,SRR21833655
sample227,SRR21833655
sample228,SRR21833656
sample228,SRR21833656
sample229,SRR21833657
sample229,SRR21833657
sample230,SRR21833658
sample230,SRR21833658
sample231,SRR21833659
sample231,SRR21833659
sample232,SRR21833660
sample232,SRR21833660
sample233,SRR21833661
sample233,SRR21833661
sample234,SRR21833662
sample234,SRR21833662
sample235,SRR21833663
sample235,SRR21833663
sample236,SRR21833664
sample236,SRR21833664
sample237,SRR21833665
sample237,SRR21833665
sample238,SRR21833666
sample238,SRR21833666
sample239,SRR21833667
sample239,SRR21833667
sample240,SRR21833668
sample240,SRR21833668
sample241,SRR21833669
sample241,SRR21833669
sample242,SRR21833670
sample242,SRR21833670
sample243,SRR21833671
sample243,SRR21833671
sample244,SRR21833672
sample244,SRR21833672
sample245,SRR21833673
sample245,SRR21833673
sample246,SRR21833674
sample246,SRR21833674
sample247,SRR21833675
sample247,SRR21833675
sample248,SRR21833676
sample248,SRR21833676
sample249,SRR21833677
sample249,SRR21833677
sample250,SRR21833678
sample250,SRR21833678
sample251,SRR21833679
sample251,SRR21833679
sample252,SRR21833680
sample252,SRR21833680
sample253,SRR21833681
sample253,SRR21833681
sample254,SRR21833682
sample254,SRR21833682
sample255,SRR21833683
sample255,SRR21833683
sample256,SRR21833684
sample256,SRR21833684
sample257,SRR21833685
sample257,SRR21833685
sample258,SRR21833686
sample258,SRR21833686
sample259,SRR21833687
sample259,SRR21833687
sample260,SRR21833688
sample260,SRR21833688
sample261,SRR21833689
sample261,SRR21833689
sample262,SRR21833690
sample262,SRR21833690
sample263,SRR21833691
sample263,SRR21833691
sample264,SRR21833692
sample264,SRR21833692
sample265,SRR21833693
sample265,SRR21833693
sample266,SRR21833694
sample266,SRR21833694
sample267,SRR21833695
sample267,SRR21833695
sample268,SRR21833696
sample268,SRR21833696
sample269,SRR21833697
sample269,SRR21833697
sample270,SRR21833698
sample270,SRR21833698
sample271,SRR21833699
sample271,SRR21833699
sample272,SRR21833700
sample272,SRR21833700
sample273,SRR21833701
sample273,SRR21833701
sample274,SRR21833702
sample274,SRR21833702
sample275,SRR21833703
sample275,SRR21833703
sample276,SRR21833704
sample276,SRR21833704
sample277,SRR21833705
sample277,SRR21833705
sample278,SRR21833706
sample278,SRR21833706
sample279,SRR21833707
sample279,SRR21833707
sample280,SRR21833708
sample280,SRR21833708
sample281,SRR21833709
sample281,SRR21833709
sample282,SRR21833710
sample282,SRR21833710
sample283,SRR21833711
sample283,SRR21833711
sample284,SRR21833712
sample284,SRR21833712
sample285,SRR21833713
sample285,SRR21833713
sample286,SRR21833714
sample286,SRR21833714
sample287,SRR21833715
sample287,SRR21833715
sample288,SRR21833716
sample288,SRR21833716
sample289,SRR21833717
sample289,SRR21833717
sample290,SRR21833718
sample290,SRR21833718
sample291,SRR21833719
sample291,SRR21833719
sample292,SRR21833720
sample292,SRR21833720
sample293,SRR21833721
sample293,SRR21833721
sample294,SRR21833722
sample294,SRR21833722
sample295,SRR21833723
sample295,SRR21833723
sample296,SRR21833724
sample296,SRR21833724
sample297,SRR21833725
sample297,SRR21833725
sample298,SRR21833726
sample298,SRR21833726
sample299,SRR21833727
sample299,SRR21833727
sample300,SRR21833728
sample300,SRR21833728
sample301,SRR21833729
sample301,SRR21833729
sample302,SRR21833730
sample302,SRR21833730
sample303,SRR21833731
sample303,SRR21833731
sample304,SRR21833732
sample304,SRR21833732
sample305,SRR21833733
sample305,SRR21833733
sample306,SRR21833734
sample306,SRR21833734
sample307,SRR21833735
sample307,SRR21833735
sample308,SRR21833736
sample308,SRR21833736
sample309,SRR21833737
sample309,SRR21833737
sample310,SRR21833738
sample310,SRR21833738
sample311,SRR21833739
sample311,SRR21833739
sample312,SRR21833740
sample312,SRR21833740
sample313,SRR21833741
sample313,SRR21833741
sample314,SRR21833742
sample314,SRR21833742
sample315,SRR21833743
sample315,SRR21833743
sample316,SRR21833744
sample316,SRR21833744
sample317,SRR21833745
sample317,SRR21833745
sample318,SRR21833746
sample318,SRR21833746
sample319,SRR21833747
sample319,SRR21833747
sample320,SRR21833748
sample320,SRR21833748
sample321,SRR21833749
sample321,SRR21833749
sample322,SRR21833750
sample322,SRR21833750
sample323,SRR21833751
sample323,SRR21833751
sample324,SRR21833752
sample324,SRR21833752
sample325,SRR21833753
sample325,SRR21833753
sample326,SRR21833754
sample326,SRR21833754
sample327,SRR21833755
sample327,SRR21833755
sample328,SRR21833756
sample328,SRR21833756
sample329,SRR21833757
sample329,SRR21833757
sample330,SRR21833758
sample330,SRR21833758
sample331,SRR21833759
sample331,SRR21833759
sample332,SRR21833760
sample332,SRR21833760
sample333,SRR21833761
sample333,SRR21833761
sample334,SRR21833762
sample334,SRR21833762
sample335,SRR21875908
sample335,SRR21875908
sample336,SRR21875909
sample336,SRR21875909
sample337,SRR21875910
sample337,SRR21875910
sample338,SRR21875911
sample338,SRR21875911
sample339,SRR21875912
sample339,SRR21875912
sample340,SRR21875913
sample340,SRR21875913
sample341,SRR21875914
sample341,SRR21875914
sample342,SRR21875915
sample342,SRR21875915
sample343,SRR21875916
sample343,SRR21875916
sample344,SRR21875917
sample344,SRR21875917
sample345,SRR21875918
sample345,SRR21875918
sample346,SRR21875919
sample346,SRR21875919
sample347,SRR21875920
sample347,SRR21875920
sample348,SRR21875921
sample348,SRR21875921
sample349,SRR21875922
sample349,SRR21875922
sample350,SRR21875923
sample350,SRR21875923
sample351,SRR21875924
sample351,SRR21875924
sample352,SRR21875925
sample352,SRR21875925
sample353,SRR21875926
sample353,SRR21875926
sample354,SRR21875927
sample354,SRR21875927
sample355,SRR21875928
sample355,SRR21875928
sample356,SRR21875929
sample356,SRR21875929
sample357,SRR21875930
sample357,SRR21875930
sample358,SRR21875931
sample358,SRR21875931
sample359,SRR21875932
sample359,SRR21875932
sample360,SRR21875933
sample360,SRR21875933
sample361,SRR21875934
sample361,SRR21875934
sample362,SRR21875935
sample362,SRR21875935
sample363,SRR21875936
sample363,SRR21875936
sample364,SRR21875937
sample364,SRR21875937
sample365,SRR21875938
sample365,SRR21875938
sample366,SRR21875939
sample366,SRR21875939
sample367,SRR21875940
sample367,SRR21875940
sample368,SRR21875941
sample368,SRR21875941
sample369,SRR21875942
sample369,SRR21875942
sample370,SRR21875943
sample370,SRR21875943
sample371,SRR21875944
sample371,SRR21875944
sample372,SRR21875945
sample372,SRR21875945
sample373,SRR21875946
sample373,SRR21875946
sample374,SRR21875947
sample374,SRR21875947
sample375,SRR21875948
sample375,SRR21875948
sample376,SRR21875949
sample376,SRR21875949
sample377,SRR21875950
sample377,SRR21875950
sample378,SRR21875951
sample378,SRR21875951
sample379,SRR21875952
sample379,SRR21875952
sample380,SRR21875953
sample380,SRR21875953
sample381,SRR21875954
sample381,SRR21875954
sample382,SRR21875955
sample382,SRR21875955
sample383,SRR21875956
sample383,SRR21875956
sample384,SRR21875957
sample384,SRR21875957
sample385,SRR21875958
sample385,SRR21875958
sample386,SRR21875959
sample386,SRR21875959
sample387,SRR21875960
sample387,SRR21875960
sample388,SRR21875961
sample388,SRR21875961
sample389,SRR21875962
sample389,SRR21875962
sample390,SRR21875963
sample390,SRR21875963
sample391,SRR21875964
sample391,SRR21875964
sample392,SRR21875965
sample392,SRR21875965
sample393,SRR21875966
sample393,SRR21875966
sample394,SRR21875967
sample394,SRR21875967
sample395,SRR21875968
sample395,SRR21875968
sample396,SRR21875969
sample396,SRR21875969
sample397,SRR21875970
sample397,SRR21875970
sample398,SRR21875971
sample398,SRR21875971
sample399,SRR21875972
sample399,SRR21875972
sample400,SRR21875973
sample400,SRR21875973
sample401,SRR21875974
sample401,SRR21875974
sample402,SRR21875975
sample402,SRR21875975
sample403,SRR21875976
sample403,SRR21875976
sample404,SRR21875977
sample404,SRR21875977
sample405,SRR21875978
sample405,SRR21875978
sample406,SRR21875979
sample406,SRR21875979
sample407,SRR21875980
sample407,SRR21875980
sample408,SRR21875981
sample408,SRR21875981
sample409,SRR21875982
sample409,SRR21875982
sample410,SRR21875983
sample410,SRR21875983
sample411,SRR21875984
sample411,SRR21875984
sample412,SRR21875985
sample412,SRR21875985
sample413,SRR21875986
sample413,SRR21875986
sample414,SRR21875987
sample414,SRR21875987
sample415,SRR21875988
sample415,SRR21875988
sample416,SRR21875989
sample416,SRR21875989
sample417,SRR21875990
sample417,SRR21875990
sample418,SRR21875991
sample418,SRR21875991
sample419,SRR21875992
sample419,SRR21875992
sample420,SRR21875993
sample420,SRR21875993
sample421,SRR21875994
sample421,SRR21875994
sample422,SRR21875995
sample422,SRR21875995
sample423,SRR21875996
sample423,SRR21875996
sample424,SRR21875997
sample424,SRR21875997
sample425,SRR21875998
sample425,SRR21875998
sample426,SRR21875999
sample426,SRR21875999
sample427,SRR21876000
sample427,SRR21876000
sample428,SRR21876001
sample428,SRR21876001
sample429,SRR21876002
sample429,SRR21876002
sample430,SRR21876003
sample430,SRR21876003
sample431,SRR21876004
sample431,SRR21876004
sample432,SRR21876005
sample432,SRR21876005
sample433,SRR21876006
sample433,SRR21876006
sample434,SRR21876007
sample434,SRR21876007
sample435,SRR21876008
sample435,SRR21876008
sample436,SRR21876009
sample436,SRR21876009
sample437,SRR21876010
sample437,SRR21876010
sample438,SRR21876011
sample438,SRR21876011
sample439,SRR21876012
sample439,SRR21876012
sample440,SRR21876013
sample440,SRR21876013
sample441,SRR21876014
sample441,SRR21876014
sample442,SRR21876015
sample442,SRR21876015
sample443,SRR21876016
sample443,SRR21876016
sample444,SRR21876017
sample444,SRR21876017
sample445,SRR21876018
sample445,SRR21876018
sample446,SRR21876019
sample446,SRR21876019
sample447,SRR21876020
sample447,SRR21876020
sample448,SRR21876021
sample448,SRR21876021
sample449,SRR21876022
sample449,SRR21876022
sample450,SRR21876023
sample450,SRR21876023
sample451,SRR21876024
sample451,SRR21876024
sample452,SRR21876025
sample452,SRR21876025
sample453,SRR21876026
sample453,SRR21876026
sample454,SRR21876027
sample454,SRR21876027
sample455,SRR21876028
sample455,SRR21876028
sample456,SRR21876029
sample456,SRR21876029
sample457,SRR21876030
sample457,SRR21876030
sample458,SRR21876031
sample458,SRR21876031
sample459,SRR21876032
sample459,SRR21876032
sample460,SRR21876033
sample460,SRR21876033
sample461,SRR21876034
sample461,SRR21876034
sample462,SRR21876035
sample462,SRR21876035
sample463,SRR21876036
sample463,SRR21876036
sample464,SRR21876037
sample464,SRR21876037
sample465,SRR21876038
sample465,SRR21876038
sample466,SRR21876039
sample466,SRR21876039
sample467,SRR21876040
sample467,SRR21876040
sample468,SRR21876041
sample468,SRR21876041
sample469,SRR21876042
sample469,SRR21876042
sample470,SRR21876043
sample470,SRR21876043
sample471,SRR21876044
sample471,SRR21876044
sample472,SRR21876045
sample472,SRR21876045
sample473,SRR21876046
sample473,SRR21876046
sample474,SRR21876047
sample474,SRR21876047
sample475,SRR21876048
sample475,SRR21876048
sample476,SRR21876049
sample476,SRR21876049
sample477,SRR21876050
sample477,SRR21876050
sample478,SRR21876051
sample478,SRR21876051
sample479,SRR21876052
sample479,SRR21876052
sample480,SRR21876053
sample480,SRR21876053
sample481,SRR21876054
sample481,SRR21876054
sample482,SRR21876055
sample482,SRR21876055
sample483,SRR21876056
sample483,SRR21876056
sample484,SRR21876057
sample484,SRR21876057
sample485,SRR21876058
sample485,SRR21876058
sample486,SRR21876059
sample486,SRR21876059
sample487,SRR21876060
sample487,SRR21876060
sample488,SRR21876061
sample488,SRR21876061
sample489,SRR21876062
sample489,SRR21876062
sample490,SRR21876063
sample490,SRR21876063
sample491,SRR21876064
sample491,SRR21876064
sample492,SRR21876065
sample492,SRR21876065
sample493,SRR21876066
sample493,SRR21876066
sample494,SRR21876067
sample494,SRR21876067
sample495,SRR21876068
sample495,SRR21876068
sample496,SRR21876069
sample496,SRR21876069
sample497,SRR21876070
sample497,SRR21876070
sample498,SRR21876071
sample498,SRR21876071
sample499,SRR21876072
sample499,SRR21876072
sample500,SRR21876073
sample500,SRR21876073
sample501,SRR21876074
sample501,SRR21876074
sample502,SRR21876075
sample502,SRR21876075
sample503,SRR21876076
sample503,SRR21876076
sample504,SRR21876077
sample504,SRR21876077
sample505,SRR21876078
sample505,SRR21876078
sample506,SRR21876079
sample506,SRR21876079
sample507,SRR21876080
sample507,SRR21876080
sample508,SRR21876081
sample508,SRR21876081
sample509,SRR21876082
sample509,SRR21876082
sample510,SRR21876083
sample510,SRR21876083
sample511,SRR21876084
sample511,SRR21876084
sample512,SRR21876085
sample512,SRR21876085
sample513,SRR21876086
sample513,SRR21876086
sample514,SRR21876087
sample514,SRR21876087
sample515,SRR21876088
sample515,SRR21876088
sample516,SRR21876089
sample516,SRR21876089
sample517,SRR21876090
sample517,SRR21876090
sample518,SRR21876091
sample518,SRR21876091
sample519,SRR21876092
sample519,SRR21876092
sample520,SRR21876093
sample520,SRR21876093
sample521,SRR21876094
sample521,SRR21876094
sample522,SRR21876095
sample522,SRR21876095
sample523,SRR21876096
sample523,SRR21876096
sample524,SRR21876097
sample524,SRR21876097
sample525,SRR21876098
sample525,SRR21876098
sample526,SRR21876099
sample526,SRR21876099
sample527,SRR21876100
sample527,SRR21876100
sample528,SRR21876101
sample528,SRR21876101
sample529,SRR21876102
sample529,SRR21876102
sample530,SRR21876103
sample530,SRR21876103
sample531,SRR21876104
sample531,SRR21876104
sample532,SRR21876105
sample532,SRR21876105
sample533,SRR21876106
sample533,SRR21876106
sample534,SRR21876107
sample534,SRR21876107
sample535,SRR21876108
sample535,SRR21876108
sample536,SRR21876109
sample536,SRR21876109
sample537,SRR21876110
sample537,SRR21876110
sample538,SRR21876111
sample538,SRR21876111
sample539,SRR21876112
sample539,SRR21876112
sample540,SRR21876113
sample540,SRR21876113
sample541,SRR21876114
sample541,SRR21876114
sample542,SRR21876115
sample542,SRR21876115
sample543,SRR21876116
sample543,SRR21876116
sample544,SRR21876117
sample544,SRR21876117
sample545,SRR21876118
sample545,SRR21876118
sample546,SRR21876119
sample546,SRR21876119
sample547,SRR21876120
sample547,SRR21876120
sample548,SRR21876121
sample548,SRR21876121
sample549,SRR21876122
sample549,SRR21876122
sample550,SRR21876123
sample550,SRR21876123
sample551,SRR21876124
sample551,SRR21876124
sample552,SRR21876125
sample552,SRR21876125
sample553,SRR21876126
sample553,SRR21876126
sample554,SRR21876127
sample554,SRR21876127
sample555,SRR21876128
sample555,SRR21876128
sample556,SRR21876129
sample556,SRR21876129
sample557,SRR21876130
sample557,SRR21876130
sample558,SRR21876131
sample558,SRR21876131
sample559,SRR21876132
sample559,SRR21876132
sample560,SRR21876133
sample560,SRR21876133
sample561,SRR21876134
sample561,SRR21876134
sample562,SRR21876135
sample562,SRR21876135
sample563,SRR21876136
sample563,SRR21876136
sample564,SRR21876137
sample564,SRR21876137
sample565,SRR21876138
sample565,SRR21876138
sample566,SRR21876139
sample566,SRR21876139
sample567,SRR21876140
sample567,SRR21876140
sample568,SRR21876141
sample568,SRR21876141
sample569,SRR21876142
sample569,SRR21876142
sample570,SRR21876143
sample570,SRR21876143
sample571,SRR21876144
sample571,SRR21876144
sample572,SRR21876145
sample572,SRR21876145
sample573,SRR21876146
sample573,SRR21876146
sample574,SRR21876147
sample574,SRR21876147
sample575,SRR21876148
sample575,SRR21876148
sample576,SRR21876149
sample576,SRR21876149
sample577,SRR21876150
sample577,SRR21876150
sample578,SRR21876151
sample578,SRR21876151
sample579,SRR21876152
sample579,SRR21876152
sample580,SRR21876153
sample580,SRR21876153
sample581,SRR21876154
sample581,SRR21876154
sample582,SRR21876155
sample582,SRR21876155
sample583,SRR21876156
sample583,SRR21876156
sample584,SRR21876157
sample584,SRR21876157
sample585,SRR21876158
sample585,SRR21876158
sample586,SRR21876159
sample586,SRR21876159
sample587,SRR21876160
sample587,SRR21876160
sample588,SRR21876161
sample588,SRR21876161
sample589,SRR21876162
sample589,SRR21876162
sample590,SRR21876163
sample590,SRR21876163
sample591,SRR21876164
sample591,SRR21876164
sample592,SRR21876165
sample592,SRR21876165
sample593,SRR21876166
sample593,SRR21876166
sample594,SRR21876167
sample594,SRR21876167
sample595,SRR21876168
sample595,SRR21876168
sample596,SRR21876169
sample596,SRR21876169
sample597,SRR21876170
sample597,SRR21876170
sample598,SRR21876171
sample598,SRR21876171
sample599,SRR21876172
sample599,SRR21876172
sample600,SRR21876173
sample600,SRR21876173
sample601,SRR21876174
sample601,SRR21876174
sample602,SRR21876175
sample602,SRR21876175
sample603,SRR21876176
sample603,SRR21876176
sample604,SRR21876177
sample604,SRR21876177
sample605,SRR21876178
sample605,SRR21876178
sample606,SRR21876179
sample606,SRR21876179
sample607,SRR21876180
sample607,SRR21876180
sample608,SRR21876181
sample608,SRR21876181
sample609,SRR21876182
sample609,SRR21876182
sample610,SRR21876183
sample610,SRR21876183
sample611,SRR21876184
sample611,SRR21876184
sample612,SRR21876185
sample612,SRR21876185
sample613,SRR21876186
sample613,SRR21876186
sample614,SRR21876187
sample614,SRR21876187
sample615,SRR21876188
sample615,SRR21876188
sample616,SRR21876189
sample616,SRR21876189
sample617,SRR21876190
sample617,SRR21876190
sample618,SRR21876191
sample618,SRR21876191
sample619,SRR21876192
sample619,SRR21876192
sample620,SRR21876193
sample620,SRR21876193
sample621,SRR21876194
sample621,SRR21876194
sample622,SRR21876195
sample622,SRR21876195
sample623,SRR21876196
sample623,SRR21876196
sample624,SRR21876197
sample624,SRR21876197
sample625,SRR21876198
sample625,SRR21876198
sample626,SRR21876199
sample626,SRR21876199
sample627,SRR21876200
sample627,SRR21876200
sample628,SRR21876201
sample628,SRR21876201
sample629,SRR21876202
sample629,SRR21876202
sample630,SRR21876203
sample630,SRR21876203
sample631,SRR21876204
sample631,SRR21876204
sample632,SRR21876205
sample632,SRR21876205
sample633,SRR21876206
sample633,SRR21876206
sample634,SRR21876207
sample634,SRR21876207
sample635,SRR21876208
sample635,SRR21876208
sample636,SRR21876209
sample636,SRR21876209
sample637,SRR21876210
sample637,SRR21876210
sample638,SRR21876211
sample638,SRR21876211
sample639,SRR21876212
sample639,SRR21876212
sample640,SRR21876213
sample640,SRR21876213
sample641,SRR21876214
sample641,SRR21876214
sample642,SRR21876215
sample642,SRR21876215
sample643,SRR21876216
sample643,SRR21876216
sample644,SRR21876217
sample644,SRR21876217
sample645,SRR21876218
sample645,SRR21876218
sample646,SRR21876219
sample646,SRR21876219
sample647,SRR21876220
sample647,SRR21876220
sample648,SRR21876221
sample648,SRR21876221
sample649,SRR21876222
sample649,SRR21876222
sample650,SRR21876223
sample650,SRR21876223
sample651,SRR21876224
sample651,SRR21876224
sample652,SRR21876225
sample652,SRR21876225
sample653,SRR21876226
sample653,SRR21876226
sample654,SRR21876227
sample654,SRR21876227
sample655,SRR21876228
sample655,SRR21876228
sample656,SRR21876229
sample656,SRR21876229
sample657,SRR21876230
sample657,SRR21876230
sample658,SRR21876231
sample658,SRR21876231
sample659,SRR21876232
sample659,SRR21876232
sample660,SRR21876233
sample660,SRR21876233
sample661,SRR21876234
sample661,SRR21876234
sample662,SRR21876235
sample662,SRR21876235
sample663,SRR21876236
sample663,SRR21876236
sample664,SRR21876237
sample664,SRR21876237
sample665,SRR21876238
sample665,SRR21876238